                     1
                    121
                   12321
                  1234321
                 123454321
                12345654321
               1234567654321
              123456787654321
             12345678987654321
            12345678900987654321
           123456789010987654321
          12345678901210987654321
         1234567890123210987654321
        123456789012343210987654321
       12345678901234543210987654321
      1234567890123456543210987654321
     123456789012345676543210987654321
    12345678901234567876543210987654321
   1234567890123456789876543210987654321
  1234567890123456789009876543210987654321
 12345678901234567890109876543210987654321
1234567890123456789012109876543210987654321
